NEWLINE
-3.500000 -5.445000
-5.150000 -7.029000
-5.500000 -6.682500
-5.500000 -4.999500
-5.450000 -4.752000
-6.300000 -4.059000
-6.100000 -3.663000
-6.550000 -2.871000
-6.300000 -2.524500
-6.550000 -1.683000
-6.150000 -1.138500
-6.550000 -0.841500
-5.700000 0.990000
-4.250000 0.841500
-2.850000 1.881000
-1.400000 1.534500
0.300000 2.128500
1.200000 1.287000
2.150000 1.039500
3.050000 -0.198000
2.750000 -0.940500
3.150000 -1.633500
2.350000 -2.574000
2.700000 -3.168000
1.750000 -4.306500
2.200000 -4.999500
1.000000 -5.445000
1.350000 -6.831000
0.950000 -7.029000
-0.850000 -5.346000
NEWLINE
-0.500000 -5.791500
-1.700000 -6.138000
-1.950000 -5.841000
-2.800000 -5.989500
-3.650000 -5.692500
NEWLINE
1.100000 -6.534000
-0.100000 -5.395500
NEWLINE
0.350000 -5.791500
0.700000 -5.445000
NEWLINE
-5.100000 -6.484500
-4.550000 -5.395500
NEWLINE
-5.000000 -5.791500
-4.950000 -5.296500
NEWLINE
-3.200000 -2.574000
-4.400000 -1.435500
-3.800000 -0.544500
-3.550000 -0.693000
-3.150000 -1.485000
-4.200000 -1.435500
NEWLINE
-3.750000 -0.445500
-3.850000 -0.148500
-3.350000 0.049500
-1.650000 -0.346500
NEWLINE
-0.750000 -3.861000
-1.350000 -3.613500
-1.200000 -2.277000
-0.850000 -2.277000
-0.850000 -3.762000
NEWLINE
-4.100000 -3.960000
-4.350000 -3.861000
-4.300000 -2.425500
-4.000000 -2.425500
-4.000000 -3.910500
NEWLINE
2.100000 -1.534500
1.600000 -0.891000
1.500000 -0.049500
0.650000 0.297000
0.450000 0.891000
-0.500000 0.594000
