3 4 5 19.77
6 5 8 66.47
4 3 7 60.5
1 1 3 11.15
2 3.5 6.4 45.4
2.2 4 6.7 49.55
5 3 5.5 43.8
5 6 7 63.5
7 0 2 6.2
10 0 3 25.4
10 1 4 31.3
8 3 6 43.9
6 3 6 45.4
7 2 7.2 68.5
2.3 4.5 5 28
-4 0 5 27.5
-4 -3 6 40
-6 0 3 12.5
-10 0 4 22
-10 0 6 45
-9 1 6.5 54.7
-8 2 5.8 44.3
-7 3 7.2 57.7
-5 3 7.2 60.33
-4 3 8.2 69.6
-4 -5 6.9 52.3
-4 -3 3.4 15.3
-3.5 -2.4 6.4 43
-2.1 2.1 2.1 7.15
0 0 5 30
0 -4 5.3 38.7
1 -1 4 27.2
1 1 4 23.7
-0.5 0.5 3.4 18
2 -5 6 43.3
4 3.5 10 80
-4 3.5 10 73.8
-4 -5 11 94
-4.5 -7 8 61.3
-6 3 7 44.5
-6 -4 8 62.6
-5 -7 7 53.5
3 6 10 79.5
3 -4 9 82
3 -3 9 83
3 -4 8 69.6
4 -5 8 75
4 -4 7.5 61.5
4 5.5 6.5 41.2
5 -5 9 70.5
5 -4 7 53.7
5 5 5 25.5
6 -4 5 36.5
8 0 4 25.5
9 0 4 25.2
10 0 4 25.6
9 3 4 20.8
8 3 4 17
8 3 6 30
7 3 6 27.5
7 -4.2 5.9 40.5
2 5 8 53.5
1 5 8 49.3
0 3 9 61.7
-1 3 10 77
-2 3 11.5 109
-3 3 12 114.3
6 2 5.3 39.9
7.2 1.6 3.4 12.7
6.4 3.9 5 36.7
3 2.5 7.1 41.5
2 2.5 6.7 36.8
5.7 0.5 4.6 25.6
6.3 1.4 5.4 40
5.8 5.2 6.2 53.6
2.4 1 3.8 14.2
3.4 1 3.9 16.6
4.4 2.8 4.4 17
4.2 3.3 5 24.7
5.7 4.5 4.5 18.9
7.3 2.3 5.6 35.6
6.7 3.6 4.6 29.4
6.2 3 5 24.3
5.3 4.1 6.1 42
4.7 4.7 5.7 23.7
4.1 3.8 6.5 38.05
3.9 4.5 7.2 49.5
2.7 4.6 4.7 15
1.8 5 4.7 12.35
0.9 5.2 4.7 17.4
3.2 4.3 4 11.6
4.3 5.3 5.2 21.9
5.3 4.8 3.2 6.05
5.7 0.2 5 29.2
2.8 0.8 4.3 14.5
3.5 4.9 6.4 36.2
0 3.4 3.5 10
-2 3.5 4.2 16.5
-3.5 2.8 4.6 23.7
-5 3.4 5.4 27.15
