NEWLINE
3.200000 -2.376000
-4.350000 -1.386000
-4.800000 -1.089000
-4.900000 -0.544500
-4.800000 0.000000
-3.500000 0.247500
-1.700000 0.495000
0.750000 0.148500
3.900000 -0.396000
5.050000 -0.841500
5.150000 -3.316500
5.200000 -4.108500
4.050000 -4.108500
3.150000 -2.475000
NEWLINE
-0.800000 -0.445500
1.500000 4.504500
3.950000 4.554000
1.800000 -0.445500
NEWLINE
-1.400000 -1.881000
-2.500000 -5.841000
-0.600000 -6.385500
1.150000 -2.178000
NEWLINE
-4.800000 -0.445500
-3.750000 -0.495000
-3.100000 -0.594000
-2.800000 -1.287000
-2.750000 -1.633500
