NEWLINE
1.250000 -4.207500
0.150000 -4.603500
-0.850000 -4.603500
-1.700000 -3.960000
-2.550000 -2.970000
-2.900000 -1.485000
-2.800000 0.495000
-2.350000 1.980000
-0.950000 3.069000
-0.200000 3.217500
0.850000 3.465000
2.550000 2.970000
3.550000 1.732500
3.900000 0.000000
3.100000 -2.178000
2.250000 -3.564000
1.300000 -4.158000
NEWLINE
1.300000 -4.207500
0.850000 -5.544000
0.200000 -5.841000
-0.650000 -5.692500
-1.900000 -5.494500
-1.950000 -4.801500
-1.800000 -3.861000
NEWLINE
0.600000 -4.455000
0.000000 -5.296500
-1.250000 -5.148000
-1.300000 -4.257000
NEWLINE
2.950000 -1.138500
1.900000 -2.326500
0.550000 -3.019500
-0.700000 -2.920500
-1.800000 -2.277000
-2.450000 -0.693000
-2.300000 0.198000
-2.000000 0.198000
-2.200000 -0.544500
-2.200000 -0.544500
-1.700000 -1.881000
0.500000 -2.524500
1.600000 -2.079000
2.350000 -1.386000
2.650000 -0.990000
2.950000 -1.039500
NEWLINE
2.800000 -0.990000
2.750000 -0.247500
3.250000 -0.346500
2.750000 -1.138500
NEWLINE
1.800000 0.396000
0.550000 0.742500
-0.750000 0.990000
-0.750000 1.287000
0.650000 1.039500
1.800000 0.643500
1.700000 0.346500
NEWLINE
1.900000 0.693000
2.300000 1.188000
1.850000 1.336500
1.850000 0.594000
NEWLINE
-2.700000 -2.623500
-4.200000 -5.247000
-4.050000 -5.593500
-2.800000 -5.593500
-2.550000 -4.504500
-2.350000 -3.019500
NEWLINE
-4.250000 -5.098500
-3.850000 -2.326500
-3.150000 0.099000
-2.800000 0.693000
NEWLINE
1.700000 -3.960000
1.700000 -6.088500
2.400000 -6.187500
3.250000 -5.494500
3.250000 -4.999500
2.200000 -3.663000
NEWLINE
3.300000 -4.801500
3.850000 -2.376000
4.000000 -1.485000
3.800000 -0.247500
NEWLINE
2.650000 -4.059000
3.100000 -2.871000
3.400000 -1.930500
3.450000 -1.287000
