NEWLINE
-2.350000 5.791500
-2.350000 -0.297000
-2.550000 -0.495000
-3.550000 -0.346500
-4.250000 -0.643500
-4.950000 -1.683000
-4.950000 -3.712500
-4.800000 -4.108500
-4.500000 -4.306500
-4.050000 -4.108500
-3.750000 -3.267000
-3.800000 -1.980000
-3.450000 -1.683000
-2.550000 -2.079000
-2.350000 -6.385500
-1.950000 -7.375500
-1.300000 -7.672500
-0.500000 -7.227000
-0.150000 -6.633000
-0.300000 -5.494500
-0.250000 -4.653000
-0.300000 -3.910500
0.900000 -3.564000
1.300000 -4.059000
1.350000 -5.445000
1.500000 -5.841000
1.700000 -5.940000
2.200000 -5.940000
2.900000 -5.791500
2.900000 -5.346000
2.900000 -4.554000
2.700000 -3.267000
2.000000 -2.277000
0.800000 -2.277000
-0.300000 -2.574000
-0.550000 -0.445500
-0.450000 2.178000
-0.350000 4.950000
-0.300000 5.940000
NEWLINE
-2.250000 -6.484500
-3.050000 -6.633000
NEWLINE
-2.450000 -4.554000
-3.400000 -4.554000
NEWLINE
-4.850000 -1.584000
-5.650000 -1.039500
NEWLINE
-4.900000 -3.118500
-5.700000 -3.366000
NEWLINE
1.400000 -5.049000
0.550000 -4.999500
NEWLINE
-0.300000 -6.831000
0.750000 -7.524000
NEWLINE
-1.450000 -7.474500
-1.700000 -8.514000
NEWLINE
2.900000 -3.811500
4.050000 -3.465000
NEWLINE
1.950000 -2.178000
2.100000 -1.089000
NEWLINE
-0.600000 -0.445500
0.400000 -0.396000
NEWLINE
-0.450000 1.881000
0.550000 1.980000
NEWLINE
-2.350000 4.158000
-3.300000 4.257000
NEWLINE
-2.350000 1.039500
-3.300000 1.138500
