NEWLINE
1.650000 -1.633500
1.950000 -3.118500
3.000000 -3.564000
4.500000 -3.316500
5.050000 -2.920500
5.100000 -1.534500
4.850000 -0.891000
3.650000 -1.831500
2.650000 -2.772000
NEWLINE
1.700000 -2.079000
0.000000 -2.326500
-1.400000 -1.831500
-3.000000 -0.792000
-3.100000 0.742500
-5.800000 2.079000
-5.950000 2.574000
-5.250000 3.762000
-4.850000 3.910500
-3.800000 2.772000
-4.050000 2.376000
-5.650000 1.980000
NEWLINE
-4.100000 3.217500
-4.450000 2.821500
-4.600000 3.019500
-4.800000 3.811500
NEWLINE
-5.350000 3.712500
-5.350000 2.772000
-5.550000 2.376000
-5.850000 2.574000
NEWLINE
-4.950000 3.861000
-4.800000 4.603500
-3.700000 4.801500
-0.750000 3.316500
-0.450000 2.871000
-0.150000 3.415500
-0.400000 4.059000
-2.600000 5.940000
NEWLINE
-2.600000 5.841000
-2.700000 6.435000
-2.650000 7.227000
-2.800000 7.623000
-3.550000 8.068500
-4.150000 7.870500
-4.600000 7.128000
-4.550000 5.940000
-4.150000 5.692500
-3.600000 5.148000
-3.350000 4.752000
NEWLINE
-2.600000 4.752000
-3.300000 5.692500
-3.550000 6.138000
-3.600000 6.880500
NEWLINE
-4.600000 6.138000
-4.950000 6.435000
-4.900000 6.880500
-4.600000 7.227000
NEWLINE
-2.650000 6.831000
-1.250000 5.940000
0.550000 4.702500
1.400000 4.603500
NEWLINE
-4.800000 4.554000
-5.450000 4.108500
-5.700000 3.118500
NEWLINE
-0.700000 -2.128500
-2.500000 -2.920500
-3.750000 -2.425500
-4.100000 -1.584000
-3.950000 -0.940500
-3.100000 -1.435500
NEWLINE
-2.700000 -0.990000
-3.400000 -1.683000
NEWLINE
4.000000 -1.584000
4.300000 -0.643500
5.850000 0.000000
NEWLINE
1.450000 4.801500
2.150000 5.791500
1.400000 4.603500
NEWLINE
-2.550000 -0.297000
-2.600000 0.940500
-2.050000 0.990000
-2.150000 -0.247500
-2.550000 -0.247500
NEWLINE
0.450000 -0.198000
-0.350000 -0.198000
-0.250000 1.188000
0.450000 1.188000
0.300000 -0.099000
