NEWLINE
2.450000 -3.613500
1.600000 -3.613500
0.350000 -4.306500
-1.150000 -4.554000
-2.250000 -3.564000
-2.550000 -1.980000
-1.950000 -0.099000
-1.100000 1.881000
-1.050000 3.118500
-0.300000 4.059000
0.450000 4.158000
1.550000 3.564000
1.600000 2.128500
2.250000 1.980000
NEWLINE
-1.800000 -2.227500
-1.400000 -2.772000
0.200000 -3.019500
1.200000 -1.831500
1.250000 -0.495000
0.150000 -0.445500
-0.100000 0.297000
-0.050000 1.188000
1.000000 1.633500
1.000000 2.871000
0.500000 3.316500
-0.100000 2.970000
