NEWLINE
3.200000 -2.425500
1.850000 -3.910500
-0.200000 -4.306500
-2.950000 -3.762000
-3.550000 -1.485000
-3.550000 0.049500
-3.450000 2.574000
-2.700000 4.653000
-1.400000 5.791500
-0.100000 6.039000
2.100000 5.742000
3.700000 3.514500
3.650000 0.742500
3.550000 -1.039500
3.200000 -2.524500
NEWLINE
-1.950000 3.415500
-0.200000 3.861000
0.750000 3.811500
1.650000 3.861000
2.550000 3.316500
NEWLINE
2.750000 -0.693000
0.950000 -0.693000
0.950000 -1.188000
2.700000 -1.287000
2.700000 -0.643500
NEWLINE
-0.950000 -0.594000
-2.800000 -0.594000
-2.700000 -1.089000
-1.000000 -1.188000
-0.950000 -0.594000
NEWLINE
-1.550000 -0.247500
-2.400000 -0.148500
-2.300000 0.792000
-1.350000 0.792000
-1.350000 0.792000
-1.500000 -0.099000
-1.650000 -0.198000
NEWLINE
2.300000 -0.297000
0.850000 -0.297000
1.050000 0.693000
2.200000 0.792000
2.200000 -0.297000
NEWLINE
-0.350000 1.089000
-0.350000 2.079000
-0.950000 2.227500
-0.850000 2.871000
0.900000 2.871000
0.950000 2.079000
0.450000 2.029500
0.350000 1.188000
NEWLINE
-3.500000 -0.099000
-4.350000 -0.495000
-4.500000 1.237500
-3.900000 2.079000
-3.350000 2.079000
NEWLINE
3.700000 -0.297000
4.750000 -0.841500
4.950000 -0.198000
4.450000 1.831500
3.750000 2.029500
NEWLINE
4.250000 -0.643500
4.250000 -2.821500
1.500000 -5.841000
-1.250000 -5.890500
-3.700000 -5.346000
-5.000000 -5.643000
-4.850000 -4.603500
-4.350000 -3.712500
-4.450000 -2.376000
-4.000000 -0.445500
