NEWLINE
-11.200000 3.861000
12.850000 3.514500
NEWLINE
12.000000 3.366000
12.700000 1.732500
11.950000 0.594000
12.850000 -0.297000
11.700000 -0.841500
12.900000 -2.970000
11.450000 -4.950000
10.500000 -6.237000
9.450000 -5.247000
8.300000 -4.554000
8.500000 -2.623500
8.950000 -2.079000
8.600000 -0.990000
9.250000 -0.346500
8.650000 0.544500
9.000000 1.485000
8.600000 2.227500
8.950000 3.415500
NEWLINE
5.400000 3.663000
5.450000 1.782000
NEWLINE
5.500000 1.831500
6.050000 1.584000
5.950000 1.089000
5.400000 0.841500
4.650000 0.841500
4.400000 1.287000
4.800000 1.633500
5.500000 1.831500
5.900000 2.524500
6.550000 2.227500
6.050000 1.435500
6.900000 1.435500
6.850000 0.643500
6.000000 0.990000
6.300000 0.049500
5.450000 -0.148500
5.400000 0.841500
5.100000 -0.049500
4.350000 0.049500
4.800000 1.039500
3.700000 0.297000
3.500000 1.287000
4.450000 1.336500
4.200000 2.227500
4.750000 2.425500
5.200000 1.831500
NEWLINE
1.200000 3.613500
1.300000 1.633500
1.650000 1.534500
1.450000 1.089000
0.950000 1.237500
0.850000 1.435500
1.400000 1.633500
2.000000 2.326500
2.200000 1.584000
1.800000 1.435500
2.650000 0.891000
2.350000 0.396000
1.500000 1.039500
1.300000 0.099000
0.750000 0.396000
1.000000 1.188000
0.400000 0.643500
0.000000 1.138500
0.750000 1.435500
0.350000 1.881000
0.750000 2.227500
1.250000 1.584000
NEWLINE
-8.000000 3.811500
-7.950000 -4.504500
NEWLINE
-8.750000 3.861000
-8.550000 -4.405500
NEWLINE
-7.750000 -3.663000
-7.000000 -3.415500
-6.650000 -4.108500
-4.100000 -3.217500
-2.550000 -4.108500
-3.200000 -5.544000
-1.750000 -7.078500
-4.700000 -10.197000
-5.650000 -9.652500
-7.550000 -10.197000
-9.100000 -9.207000
-12.800000 -9.850500
-13.750000 -8.563500
-13.800000 -6.682500
-12.500000 -5.692500
-12.650000 -3.910500
-10.800000 -2.970000
-9.500000 -3.811500
-8.700000 -3.712500
NEWLINE
-6.800000 3.217500
-5.950000 3.564000
-5.400000 3.316500
-4.450000 3.613500
-3.650000 3.168000
-2.550000 3.613500
-1.450000 3.118500
-0.700000 3.415500
-0.150000 3.267000
0.900000 3.564000
NEWLINE
-6.750000 3.118500
-7.750000 3.613500
-9.350000 3.217500
-10.300000 3.811500
-11.500000 3.465000
NEWLINE
1.150000 3.613500
2.400000 3.217500
3.800000 3.514500
5.700000 3.118500
6.750000 3.465000
7.450000 3.168000
8.700000 3.366000
