NEWLINE
4.150000 -1.584000
-6.800000 -1.584000
-7.150000 -2.178000
-6.950000 -3.168000
-5.250000 -4.504500
-0.600000 -5.445000
2.200000 -4.950000
4.050000 -3.910500
5.000000 -2.673000
5.100000 -2.029500
4.750000 -1.633500
4.200000 -1.633500
4.050000 -1.485000
NEWLINE
-6.800000 -1.485000
-7.350000 -1.435500
-7.350000 -0.891000
-6.150000 -1.138500
-4.800000 -0.940500
-2.600000 -1.138500
-0.250000 -0.693000
1.900000 -1.089000
3.750000 -0.891000
6.000000 -1.435500
5.800000 -2.029500
4.800000 -1.930500
NEWLINE
-7.000000 -0.841500
-6.950000 0.297000
-6.150000 0.594000
5.300000 0.495000
5.400000 0.346500
5.550000 -0.891000
5.350000 -1.188000
NEWLINE
-6.500000 0.495000
-6.750000 1.237500
-6.400000 1.584000
-4.450000 3.118500
-1.750000 2.772000
0.400000 3.069000
4.550000 2.871000
5.500000 2.029500
5.550000 0.940500
5.300000 0.495000
NEWLINE
3.150000 -3.762000
3.400000 -3.564000
NEWLINE
1.500000 -3.514500
1.300000 -4.356000
NEWLINE
-0.900000 -3.564000
-0.950000 -4.306500
NEWLINE
-2.900000 -3.514500
-2.400000 -4.059000
NEWLINE
-4.200000 -3.514500
-4.750000 -4.207500
NEWLINE
-0.250000 -3.762000
0.350000 -4.158000
