NEWLINE
-0.800000 -3.069000
-0.929682 -2.464996
-1.296304 -1.965430
-1.836475 -1.656681
-2.456793 -1.592135
-3.050000 -1.782952
-3.513525 -2.196139
-3.767221 -2.760251
-3.767221 -3.377749
-3.513525 -3.941861
-3.050000 -4.355048
-2.456793 -4.545865
-1.836475 -4.481319
-1.296304 -4.172570
-0.929682 -3.673004
-0.800000 -3.069000
NEWLINE
2.250000 -3.019500
2.120318 -2.415496
1.753696 -1.915930
1.213525 -1.607181
0.593207 -1.542635
0.000000 -1.733452
-0.463525 -2.146639
-0.717221 -2.710751
-0.717221 -3.328249
-0.463525 -3.892361
0.000000 -4.305548
0.593207 -4.496365
1.213525 -4.431819
1.753696 -4.123070
2.120318 -3.623504
2.250000 -3.019500
NEWLINE
0.750000 -5.544000
0.620318 -4.939996
0.253696 -4.440430
-0.286475 -4.131681
-0.906793 -4.067135
-1.500000 -4.257952
-1.963525 -4.671139
-2.217221 -5.235251
-2.217221 -5.852749
-1.963525 -6.416861
-1.500000 -6.830048
-0.906793 -7.020865
-0.286475 -6.956319
0.253696 -6.647570
0.620318 -6.148004
0.750000 -5.544000
NEWLINE
1.650000 -1.534500
-3.950000 -1.485000
-0.650000 5.643000
1.750000 -1.534500
