NEWLINE
1.800000 -4.455000
2.200000 -6.039000
1.600000 -6.385500
-0.100000 -6.534000
-2.550000 -6.237000
-2.650000 -5.989500
-2.250000 -4.554000
-4.250000 -4.504500
-5.500000 -3.564000
-10.150000 1.386000
-8.800000 2.673000
-5.350000 -0.297000
-3.700000 -1.633500
-3.850000 0.693000
-3.600000 1.831500
-3.950000 5.742000
-1.950000 6.682500
-1.100000 6.831000
-0.850000 4.059000
-0.900000 0.445500
-1.000000 -3.564000
-0.950000 -5.742000
-2.200000 -5.841000
NEWLINE
1.900000 -5.890500
0.600000 -5.692500
0.950000 -2.277000
0.900000 -0.544500
1.100000 2.722500
1.150000 6.732000
4.150000 5.890500
3.750000 0.792000
3.300000 -1.485000
6.650000 1.831500
8.500000 -0.693000
3.850000 -3.861000
1.800000 -4.504500
NEWLINE
1.000000 4.455000
-0.950000 4.653000
1.150000 4.504500
NEWLINE
1.200000 6.880500
1.300000 7.524000
0.750000 7.276500
1.100000 6.880500
NEWLINE
3.350000 2.772000
1.600000 3.019500
1.850000 3.712500
1.850000 3.712500
3.300000 3.316500
3.300000 2.920500
NEWLINE
-1.400000 3.267000
-3.200000 3.069000
-3.300000 3.663000
-1.650000 3.811500
-1.550000 3.316500
-1.700000 5.197500
-2.950000 4.702500
-3.250000 3.712500
NEWLINE
2.050000 3.663000
2.050000 4.851000
3.200000 4.752000
3.200000 3.316500
